150
10 19 45
0 9 55
6 12 90
17 4 80
3 10 71
11 0 79
5 8 99
18 3 95
7 15 60
14 17 87
1 6 41
13 2 65
19 20 53
4 13 92
8 18 83
12 1 74
9 16 50
2 7 44
15 5 72
16 11 67
20 14 48
11 19 61
6 8 97
5 10 84
7 3 69
1 17 57
13 12 63
0 15 54
9 18 96
14 20 62
3 4 73
2 16 43
10 13 75
17 9 59
19 6 91
8 7 88
12 5 56
20 0 70
15 2 66
4 11 94
11 13 68
5 19 82
3 10 46
7 4 52
16 12 81
9 2 78
1 8 58
6 14 64
18 0 86
19 1 99
13 15 49
0 16 92
10 3 45
2 17 67
4 6 60
20 5 96
14 7 55
12 9 97
15 19 51
17 11 69
8 18 44
5 13 91
1 10 79
9 0 84
16 4 71
3 12 58
19 2 86
7 16 53
11 14 77
6 15 59
10 8 64
18 3 93
2 7 45
0 5 50
4 20 90
12 19 72
8 1 81
13 17 54
15 11 87
9 6 95
3 14 48
7 0 70
1 18 55
10 5 82
16 9 62
4 8 73
11 2 67
20 3 94
17 13 77
5 12 50
6 19 96
15 4 43
19 10 99
8 0 75
3 16 58
2 11 68
14 6 74
0 7 79
12 20 44
7 9 65
4 18 91
5 2 87
1 13 66
17 8 84
20 14 53
10 19 80
9 17 46
16 12 69
6 15 90
13 5 81
11 4 70
2 3 60
15 16 71
19 1 98
14 18 57
12 0 95
18 9 92
8 10 44
10 3 76
7 20 83
1 6 63
9 15 67
17 19 56
4 13 96
0 8 72
11 2 65
6 5 80
3 12 93
14 7 78
5 11 89
2 4 99
8 16 68
12 18 77
15 20 85
13 10 73
16 9 91
19 6 87
1 17 54
7 0 66
10 5 98
3 14 75
4 2 64
18 19 81
6 8 69
20 13 76
11 1 92
5 7 97
0 16 57
2 15 63
9 11 78
5