25
Ludie Richard
Ludie Joseph
Laura Frank
Leslie Albert
Kevin Joseph
Donna Mary
Ludie Albert
Jill Mary
Leslie Frank
Laura Delia
Kevin Anya
Donna Edward
Leslie Delia
Glenna Mary
Nora Robert
Laura Charles
Glenna Glen
Kevin Richard
Jill Joseph
Fumiko Albert
Jill Anya
Celia Joseph
Jill Richard
Nora Anya
Kevin Edward
100
65 177
120 56
40 73
76 0
126 101
74 165
108 18
79 84
188 56
133 73
94 86
11 87
51 194
181 112
161 199
124 98
139 132
118 153
123 174
38 81
11 200
196 9
27 166
36 80
83 81
69 40
150 11
114 102
97 114
155 171
25 61
112 99
144 90
167 131
163 128
124 29
85 47
108 112
138 46
18 47
178 26
195 32
128 141
163 31
176 100
28 161
13 134
95 16
1 99
162 38
64 189
102 60
85 135
5 68
39 36
106 180
147 151
5 108
37 169
96 93
8 197
22 34
97 114
156 107
22 109
139 77
136 167
187 49
78 153
29 188
138 21
166 159
105 52
91 148
167 166
2 95
91 52
177 144
187 33
30 119
148 96
112 115
10 125
154 41
62 170
180 106
107 126
188 26
171 88
108 177
181 44
73 179
171 32
144 164
76 162
56 45
132 56
69 52
70 77
186 149