30
Jeff Donald
Margaret Susan
Peter Christina
Margaret Mary
Becky Deena
Peter Thomas
Lila Francisco
Becky Francisco
Lisa Deena
Lisa Jeremy
Evelyn Francisco
Ryan Mary
Robert Thomas
Olive Mary
Margaret Francisco
Olive Tanya
Margaret Jeremy
Kimberly Tanya
Cynthia John
Kimberly Mary
Kimberly Donald
Olive Thomas
Lisa Dale
Kimberly Dale
Robert Tanya
Evelyn Susan
Lisa Susan
Lila Peggy
Lisa John
Maria Peggy
100
138 182
98 109
105 103
108 160
66 52
51 166
32 111
159 180
104 143
53 151
170 152
136 20
129 191
78 167
5 95
118 100
143 131
64 174
139 138
44 36
99 103
43 103
41 79
163 44
71 84
128 139
138 7
42 90
137 43
168 99
112 94
56 5
130 86
100 120
27 7
146 85
120 113
27 30
67 42
162 146
155 119
133 20
98 30
85 154
182 125
169 172
79 6
188 159
32 22
145 123
105 36
109 178
180 109
106 95
166 107
14 16
85 94
43 139
14 136
57 171
56 152
30 166
33 59
64 51
91 12
48 163
114 60
88 179
194 101
30 116
109 106
151 101
67 58
108 64
2 115
21 46
46 51
52 84
49 91
88 118
13 140
28 121
68 63
184 36
144 125
199 134
172 178
115 66
171 151
174 72
105 74
137 153
74 155
103 167
48 9
174 187
186 74
182 26
124 136
146 6